Escape From Paradise City
62
User:
7.6
Release Date:
Oct 26, 2007
Wildlife Park
62
User:
6.3
Release Date:
Nov 14, 2003
Project Nomads
62
User:
7.8
Release Date:
Nov  1, 2002
Rock Manager
62
User:
7.1
Release Date:
Jun 30, 2002
Knights of Pen & Paper +1 Edition
62
User:
5.9
Release Date:
Jun 18, 2013
Kingdom Under Fire II
62
User:
5.6
Release Date:
Nov 18, 2019
Warparty
62
User:
6.6
Release Date:
Mar 28, 2019
Etherium
62
User:
6.3
Release Date:
Mar 25, 2015
Pineapple Smash Crew
62
User:
7.5
Release Date:
Feb  2, 2012
Death Rally (2012)
62
User:
5.6
Release Date:
Aug  3, 2012
Lords of EverQuest
62
User:
7.7
Release Date:
Dec  1, 2003
Age of Sail II
62
User:
tbd
Release Date:
Feb  1, 2001
Urban Empire
62
User:
5.2
Release Date:
Jan 20, 2017
Moon Hunters
62
User:
6.2
Release Date:
Mar 10, 2016
Sniper Elite: Nazi Zombie Army
62
User:
7.3
Release Date:
Feb 28, 2013
Senran Kagura: Bon Appetit! - Full Course
62
User:
6.4
Release Date:
Nov 10, 2016
F1 Race Stars
62
User:
5.6
Release Date:
Nov 13, 2012
Predator: Hunting Grounds
62
User:
5.7
Release Date:
Apr 24, 2020
Bientot l'ete
62
User:
4.4
Release Date:
Feb  6, 2013
Jagged Alliance: Back in Action
62
User:
5.5
Release Date:
Feb  8, 2012
Contrast
62
User:
7.6
Release Date:
Nov 15, 2013
Vendetta Online
62
User:
7.4
Release Date:
Nov  4, 2004
Betrayer
62
User:
7.2
Release Date:
Aug 14, 2013
Space Force: Rogue Universe
62
User:
5.9
Release Date:
Jun  5, 2007
The Little Acre
62
User:
6.5
Release Date:
Dec 13, 2016
Breach & Clear: Deadline
62
User:
6.8
Release Date:
Jul 20, 2015
Mysterious Journey II
62
User:
4.8
Release Date:
Nov 25, 2003
The Hobbit
62
User:
7.0
Release Date:
Nov 10, 2003
Dragon's Lair 3D: Return to the Lair
61
User:
tbd
Release Date:
Nov 18, 2002
Someday You'll Return
61
User:
7.8
Release Date:
May  5, 2020
F.E.A.R. Perseus Mandate
61
User:
7.2
Release Date:
Nov  6, 2007
Breach (2011)
61
User:
5.6
Release Date:
Jan 26, 2011
Sym
61
User:
tbd
Release Date:
May  7, 2015
Conflict: Global Terror
61
User:
7.1
Release Date:
Oct  3, 2005
Rig'n'Roll
61
User:
5.5
Release Date:
Apr 16, 2010
Europa Universalis: Crown of the North
61
User:
6.8
Release Date:
Nov  9, 2000
Magnetic: Cage Closed
61
User:
7.4
Release Date:
May 26, 2015
Tharsis
61
User:
4.6
Release Date:
Jan 11, 2016
Friday the 13th: The Game
61
User:
5.9
Release Date:
May 26, 2017
Sword Art Online: Fatal Bullet
61
User:
7.4
Release Date:
Feb 23, 2018
WRC 3: FIA World Rally Championship
61
User:
7.6
Release Date:
Apr 23, 2013
Loki
61
User:
6.0
Release Date:
Oct  2, 2007
Beam Breakers
61
User:
7.0
Release Date:
Oct 21, 2002
The Messenger (2001)
61
User:
tbd
Release Date:
Feb 14, 2001
Into the Stars
61
User:
3.1
Release Date:
Mar  4, 2016
Hunted: The Demon's Forge
61
User:
6.6
Release Date:
May 30, 2011
Shadowrun Chronicles: Boston Lockdown
61
User:
7.1
Release Date:
Mar 31, 2014
Redux: Dark Matters
61
User:
5.5
Release Date:
Dec 12, 2014
Cities XL 2012
61
User:
5.6
Release Date:
Oct 20, 2011
Wizardry: Labyrinth of Lost Souls
61
User:
tbd
Release Date:
Jan 15, 2020
CSI: Crime Scene Investigation
61
User:
6.8
Release Date:
Mar 26, 2003
World War II: Panzer Claws
61
User:
7.4
Release Date:
Nov 12, 2002
Ninja Blade
61
User:
6.2
Release Date:
Oct 31, 2009
The Dark Eye: Demonicon
61
User:
6.6
Release Date:
Oct 24, 2013
The Guild 2
61
User:
6.9
Release Date:
Oct 12, 2006
F1 2015
61
User:
3.9
Release Date:
Jul  9, 2015
Nexagon: Deathmatch
61
User:
tbd
Release Date:
Jul 23, 2003
Fahrenheit: Indigo Prophecy Remastered
61
User:
7.6
Release Date:
Jan 28, 2015
Lost Planet 3
61
User:
6.1
Release Date:
Aug 26, 2013
E.Y.E: Divine Cybermancy
61
User:
6.8
Release Date:
Jul 29, 2011
Sacred Citadel
61
User:
5.4
Release Date:
Apr 16, 2013
Desperate Housewives: The Game
61
User:
6.5
Release Date:
Oct  6, 2006
Earthfall
61
User:
4.7
Release Date:
Jul 12, 2018
Destiny 2: Curse of Osiris
61
User:
1.7
Release Date:
Dec  5, 2017
SimCity: Cities of Tomorrow Expansion Pack
61
User:
3.8
Release Date:
Nov 12, 2013
Emergency 2012
61
User:
5.7
Release Date:
Nov 22, 2010
The Spiderwick Chronicles
61
User:
tbd
Release Date:
Feb  5, 2008
NBA Live 07
61
User:
3.9
Release Date:
Sep 25, 2006
Civilization III: Play the World
61
User:
7.0
Release Date:
Oct 25, 2002
Prince of Qin
61
User:
7.4
Release Date:
Aug 19, 2002
Rune: Halls of Valhalla
61
User:
7.1
Release Date:
Apr 26, 2001
The Dwarves
61
User:
6.2
Release Date:
Dec  1, 2016
Vietcong 2
61
User:
6.2
Release Date:
Oct 24, 2005
StarDrive
61
User:
6.8
Release Date:
Apr 26, 2013
Far Cry 5: Lost on Mars
61
User:
4.4
Release Date:
Jul 17, 2018
Signal Ops
61
User:
7.2
Release Date:
Apr  5, 2013
Venetica
61
User:
6.7
Release Date:
Jan 25, 2011
Ryse: Son of Rome
61
User:
6.7
Release Date:
Oct 10, 2014
One Must Fall: Battlegrounds
61
User:
7.1
Release Date:
Dec 19, 2003
BCT Commander
61
User:
tbd
Release Date:
Feb 23, 2002
Shadow Ops: Red Mercury
61
User:
5.8
Release Date:
Sep 21, 2004
Bus Driver
61
User:
7.1
Release Date:
Mar 22, 2007
Boiling Point: Road to Hell
61
User:
7.4
Release Date:
Jun  6, 2005
Traverser
61
User:
6.5
Release Date:
Jul  9, 2015
The Perils of Man
61
User:
7.4
Release Date:
Apr 28, 2015
A City Sleeps
61
User:
6.2
Release Date:
Oct 16, 2014
F1 2014
61
User:
4.8
Release Date:
Oct 16, 2014
Dead Island: Riptide
61
User:
6.1
Release Date:
Apr 22, 2013
Violett
61
User:
7.3
Release Date:
Dec 13, 2013
Original War
61
User:
8.8
Release Date:
Dec  3, 2001
Dogs of War
61
User:
tbd
Release Date:
Jul 30, 2000
Age of Pirates 2: City of Abandoned Ships
61
User:
7.4
Release Date:
May 26, 2009
No Man's Sky
61
User:
3.2
Release Date:
Aug 12, 2016
Evoland
61
User:
6.7
Release Date:
Apr  4, 2013
Mutant Mudds
61
User:
4.5
Release Date:
Aug 30, 2012
Infernal
61
User:
7.4
Release Date:
May  8, 2007
Windward
61
User:
6.8
Release Date:
May 12, 2015
Sword Coast Legends
61
User:
5.6
Release Date:
Oct 19, 2015
Velvet Assassin
61
User:
6.3
Release Date:
Apr 30, 2009
Zeno Clash II
61
User:
7.4
Release Date:
Apr 30, 2013